30.1771573674 0.0216864609355
30.0378764989 0.0758757440125
30.1547081263 0.543892997514
29.9742238406 0.568450777957
30.1429049369 0.589630093822
29.6896490608 0.707826830419
29.7677177279 0.980392975668
30.1076563533 1.50192192523
29.9448697879 1.68365546041
29.9025891641 1.75846648105
29.9005658198 1.94989911024
30.0299265546 2.05773700002
29.7883906082 2.35493995565
30.0077206802 2.38134568922
29.7153349343 2.45823402875
29.8036711581 2.61931196116
30.0786935224 2.67028486102
30.0798192545 2.84699947642
29.6388449124 2.90192519637
30.018792263 2.99397066894
29.5956920805 3.41584812452
29.9468310619 3.4648349246
29.4187078933 3.44936235671
29.5724327078 3.48077762662
29.6771193056 3.62922643277
29.7356840441 3.71380824439
30.0487689637 3.77305235028
29.9052013198 4.06935040165
30.0171938053 4.23945455462
29.9284077007 4.3391178112
29.5382769717 4.90907643004
29.5413056806 4.91102568456
29.7919083902 5.03145723898
29.5681049082 5.11973578483
29.5259802875 5.13162253802
29.286804116 5.13146983277
29.5230817993 5.20678144002
28.9773699607 5.2088059779
29.3648428629 5.67810837393
29.2422900774 5.75918357104
29.5190974175 6.07889514579
29.2857429945 6.05064906184
29.2307637817 6.45121392801
29.4524514649 6.98505232699
28.8977628233 7.23702373832
28.8931290332 8.30608285105
28.4528254269 8.23633433814
28.5514743209 9.26770659674
28.4069638953 9.89819801365
28.4576059364 10.0256017851
27.9841723125 10.3021457438
28.1610410031 10.5259555455
28.1584466176 10.5320360503
27.895425402 11.0278953944
27.5322446088 11.9906881514
27.5450476362 12.1178115657
27.5300533356 12.119284665
27.2495962944 12.0642883184
27.1977613436 12.0825760152
27.8596804036 12.4161656207
27.6678746222 12.5568166914
27.0336378771 12.3515006818
27.2245026151 12.8155053784
27.0971493082 13.163946652
26.7610944021 13.8882127551
26.5188167283 14.0867985364
26.2709890995 14.0977669199
26.2910706611 14.3733047594
26.1937386826 14.4223507215
26.2644766626 14.5530225478
26.1074328545 14.6691640875
25.7953536182 15.2650030375
25.7546605746 15.778516608
25.2967503532 16.5801595561
24.7656278694 16.508974479
24.3773837961 17.327217302
24.2802924666 17.3494326383
24.2469081434 18.078495841
23.9997630111 17.9805200581
24.1390743038 18.2969108709
23.8054694784 18.0991098122
23.5245707599 18.6254287879
23.2030851566 18.5877712795
23.5488654077 19.0039266574
23.1766908601 18.9339619527
22.7801415201 19.0612565822
22.91356604 19.1800155455
22.3598491769 19.3026100193
22.5301889945 19.7992125675
21.9554428966 20.4770331412
21.8116215882 20.6812335526
21.9116058565 20.9272215097
21.280317731 21.0603890488
21.4248648461 21.2294775427
21.2810492763 21.2336456052
21.1003145644 21.2710686268
20.7598387751 21.077950423
21.1681312433 21.5247797669
20.4635012381 21.7992566221
20.4926815382 21.9149603461
20.2262629402 21.8109449813
20.3203463749 22.1468434109
20.2521474506 22.1618446947
19.9366093801 22.4250897985
19.8103431446 22.4929658718
19.9171303965 22.7143692543
19.7592353278 22.8299061085
19.630141003 22.8777106513
19.8768082769 23.2652636504
19.3822354429 22.7407268153
19.3116710021 22.8584976379
19.0975420168 22.8724165249
19.121883023 23.2291417699
18.6686250153 23.3077561528
18.3466879854 23.0501615029
18.470552223 23.3310422108
18.4979117382 23.636719166
18.5790604512 23.8112735398
18.1139674068 23.5222840892
18.0546585883 23.8053565639
18.1083981198 23.8833513692
18.0365447269 23.7899523984
18.1832552606 23.994884435
17.644474824 24.2635636074
17.2605661987 24.615689589
16.5019879839 24.8797679036
16.6027679913 25.3550974899
16.1012297011 25.3129591714
16.1499416344 25.588452698
15.8733072088 25.353064017
15.2735823233 25.9578905624
14.7175979065 25.9857301025
14.3888149685 26.1072262396
13.9984144046 26.3744579954
14.0161760118 26.51408105
13.8624581503 26.5557783975
13.9363709761 26.9136176398
13.5620349838 26.5016893273
13.5597351239 26.515977766
13.5705123752 27.1359370066
13.4131304287 26.9705053848
13.0892409699 26.5751091945
12.8509134552 27.2182134537
12.5174203019 27.3160105881
11.912656173 27.0654621234
11.8625761771 27.4745336702
11.6946971392 27.6229001299
11.5134358754 27.8610664285
11.3540334399 27.9745655037
11.270518505 27.8230972499
11.1988893902 28.0540372654
11.1019270798 27.8386923481
10.5874383906 27.8862976829
10.4570749072 27.9190671423
10.4770899216 28.2268331356
10.1229226049 27.8241223753
10.2013788954 28.3563738234
10.0115259646 28.0453106813
9.58717337737 28.3510243053
9.55860495733 28.5430879643
9.53571423927 28.7009543388
8.68891916 28.3083938429
8.63154834242 28.5630571123
8.57032158855 28.7600143334
8.43517792495 28.6654661591
8.15274993257 29.0499886666
7.78355123282 28.5403883023
7.80864659218 29.0408659324
7.45001672787 29.1481654516
7.32929999725 29.1010381717
7.2156963122 29.3463654403
7.04404704648 28.9082511453
6.83460314461 29.4387629189
6.67608993855 29.1035142583
6.27668357137 29.4844180289
5.56600858879 29.4131484559
5.59908127173 29.6386391835
5.39052005798 29.6703943013
5.30365892895 29.2299212657
5.34128012571 29.4892825785
5.23834192239 29.5203476916
4.6781640822 29.5848363359
4.5379499401 29.5018965188
4.31515219167 30.0621660761
4.15811177991 29.7526640051
4.02302280869 30.0428394531
3.42838231259 29.6888761674
3.18048221021 29.6173609268
3.07616802728 29.8684593375
2.93188622315 29.7431991108
2.48157153922 30.3768343669
2.01572200368 29.9814000388
1.92704934128 30.1690372708
1.81409355205 29.9001713471
1.61322990869 29.89128646
0.713982305726 29.9853185822
0.491977577833 30.0671186946
0.429743821311 30.1668565532
0.370354235003 29.9732812088
0.0280183548642 29.8638165417
-0.306766012132 29.7848449738
-0.383020255279 29.9822177018
-0.440051411894 30.1113772338
-0.447458205592 30.0882624073
-1.08257973391 29.976894823
-1.32676370614 29.8505014889
-1.34263186632 29.9993230663
-1.83393737714 30.058466539
-1.94251242753 29.9296656816
-2.1767584192 29.9434575445
-2.29003561042 29.8822788799
-2.51874695487 30.0778229024
-2.68352618032 29.7917432322
-2.81162672673 29.9052262914
-2.93351159808 29.9354951354
-3.14575373415 29.9805196663
-3.24386252896 30.1250307873
-3.52321955134 29.9284249371
-3.76147811308 29.8840459692
-3.76170507209 29.4668151276
-4.54739698103 29.7760430054
-5.34700689192 29.9857395151
-5.43994984298 29.333843434
-5.66485920328 29.2526359298
-6.6407478725 29.2117521665
-6.72192264168 29.446773192
-6.88277521158 29.3076001375
-7.03137952982 29.0661885587
-7.38637270993 29.0690499986
-7.53008025803 29.2538096166
-7.52064169223 29.1809780886
-8.25002449167 29.3482469196
-8.28282600401 29.0431315422
-8.44184597142 28.8614456252
-8.49165191565 28.901274688
-8.77037364704 28.6163870431
-9.22451333129 28.3410183195
-9.32569689733 28.5498869654
-9.67712031145 28.4999947545
-9.59754585712 28.1286613583
-10.0415148677 28.1586685735
-10.778727339 27.9176184537
-11.1663222096 27.9016805905
-11.2767740668 27.7436747321
-11.4743561184 27.8152518708
-11.4882523743 27.7344152522
-11.7235418034 27.8447027183
-11.6718186971 27.264477992
-11.9527722835 27.8769900254
-11.9861114759 27.8105305923
-11.9607826158 27.5235096876
-12.0556157733 27.6130933383
-12.3716137674 27.463365956
-12.2649068799 27.2166553333
-12.7793478073 27.1783983155
-12.894364398 27.2598180317
-13.1099644062 27.0527350527
-13.2274892411 27.1605152493
-13.2371825509 26.9428527147
-13.4820856531 26.8179536716
-13.4433641463 26.6474369571
-13.752187457 26.580221953
-13.8526592646 26.5065213248
-14.6631771223 26.5626313804
-14.8159643516 26.1414533007
-15.7629256863 25.2898598242
-16.5072043341 25.1456107692
-16.4793136556 25.0225828342
-16.271697304 24.4865650275
-16.8752341517 24.9197494191
-16.7144876408 24.5375213184
-16.9740541944 24.8764234184
-16.841192819 24.5942274193
-16.8062877639 24.4976298135
-17.3481185744 24.5964358534
-17.2911625754 24.1490098391
-17.4267625483 24.3095770891
-18.0265256781 24.03119996
-18.1626317356 24.0308258672
-18.2584384777 23.9914616668
-18.48758668 23.6172355694
-18.5889863768 23.3342785745
-18.9635256494 23.7406512693
-18.6831387332 23.3170160991
-20.2977617156 22.5781765084
-19.9979883023 22.2409162432
-20.7070602148 22.0274153944
-20.7042280771 22.005006686
-20.5691271523 21.5501351016
-21.2468675799 21.2800160058
-21.3322211296 21.3078358993
-21.3704858949 21.2540295735
-21.3943768803 20.9736732964
-21.5322204617 20.9759540839
-21.5425210829 20.7651087264
-21.7162810214 20.3567262572
-22.1440468687 20.5301745323
-22.0558656931 20.1701547143
-23.0665105503 19.610439532
-23.2091671245 19.1983981125
-23.5464028932 18.2999186729
-23.6648137812 18.3859524709
-23.6705582141 18.3377025688
-23.768576918 18.0176146398
-24.090802705 18.046064318
-23.9692296613 17.881326109
-24.6320110006 17.6904163015
-24.5736189442 17.5070726345
-24.3319511182 17.2460104174
-24.529729013 17.2645417759
-24.5851063852 17.1129622956
-24.4696377445 16.8095402019
-25.1234616814 16.7338408853
-25.1726303644 16.6665074864
-25.2950351518 16.4712316888
-25.114521933 16.2414681388
-25.5925519983 16.059104057
-25.6496901667 15.4783112444
-25.8916438752 15.5202941612
-26.0542350932 15.5903360379
-25.9275249393 15.147460326
-25.7680671403 14.8005908618
-25.9856804703 14.8642394085
-26.2708093742 14.7496725298
-26.4289183766 14.7040909182
-26.1079260085 14.3116076834
-26.355621929 14.2511776885
-26.8197262283 13.5463844784
-26.9224529791 13.4316445167
-27.0182493361 13.452599782
-26.7043065957 13.2489514632
-26.8843637064 13.1208392221
-27.1710311788 13.186026781
-27.1036479069 13.0424861947
-27.1260288481 13.0217959034
-27.3684174098 12.8267012355
-27.257802472 12.580193884
-27.4723731726 12.3132410369
-27.3219059756 12.2369377514
-27.1802607114 12.0484716664
-27.1957164699 12.0381484782
-27.5691449874 11.8673633235
-27.8444453102 11.0586495436
-27.9011377368 10.6624769721
-28.2293380762 10.3404394811
-28.1309200931 9.89948379594
-28.4151559924 9.6909985535
-28.4028043871 9.6460586508
-28.3279728632 9.35277016417
-28.0895068097 9.14398198989
-28.8138411141 9.34482465162
-28.6425049542 9.132938582
-28.1224450116 8.8001407932
-28.5870098236 8.81322866982
-28.7686397018 8.78049117279
-28.8660137865 8.0011025313
-29.022319499 8.04253713507
-28.7420476816 7.89008073691
-28.9657743586 7.94274234164
-28.9796222917 7.71620385532
-29.0164185478 7.47342299642
-29.1867116183 6.74429182662
-29.3165535981 6.55273957557
-29.4886324409 6.4535271364
-29.2490266298 6.17610271001
-29.2872018405 6.11388271423
-29.450567192 5.88148818013
-29.5769885366 4.87447708376
-29.7603896742 4.35343330187
-29.8332780008 4.31458575262
-29.9659910751 4.19527501731
-29.6915880351 4.12465908222
-29.2645791859 4.05761907513
-29.842669252 2.92912808639
-29.9543537545 2.64351002323
-29.8523994285 2.56752531646
-29.8830896306 2.27223665993
-29.4581747448 1.80624540415
-30.0591320802 1.59834681702
-29.8932427658 1.58425025596
-29.6609452387 1.47876379275
-29.8028658564 1.16726047437
-29.8066543756 1.10241229423
-30.1172537261 0.520422909187
-30.1100804862 0.367869226214
-30.3028466469 0.0791734179091
-30.1174395852 -0.855407998367
-29.7167044116 -0.877931964832
-29.6993532473 -1.0570431437
-30.2064755215 -1.09026713108
-30.2833491384 -1.34802804209
-29.9153559067 -1.49022305819
-30.0686624991 -1.61048496011
-29.626280594 -2.07735184129
-29.5229352904 -2.28481596937
-29.6350407273 -2.78050539181
-29.7801401484 -2.97692891313
-29.7315182825 -3.12908570123
-29.7778517594 -3.2435002597
-29.713719769 -3.34848146198
-29.9211091049 -3.59128134164
-30.0695930465 -3.60993809481
-29.791813597 -3.58918717315
-30.1815091245 -3.68799571728
-29.5868451501 -4.12575281769
-29.5586479865 -4.47170189399
-29.7169254639 -4.64361609669
-29.5174308925 -4.94658707051
-29.799503331 -5.11562766219
-29.4200142682 -5.1755103562
-29.8005758663 -5.2790137938
-29.4818156229 -5.75796456496
-29.8529882058 -6.31251063132
-29.2410717301 -6.27685919158
-29.2006672894 -6.70002584718
-29.1574839426 -7.18260402102
-28.6973407128 -7.10496838354
-29.2290474012 -7.27354648571
-29.2048277683 -7.27031202219
-29.06639154 -7.51379938731
-28.7136473605 -7.55573373085
-28.684175823 -7.66518094481
-29.0163562881 -8.06872076837
-29.086416278 -8.25456080899
-29.1612938864 -8.2978435243
-28.5802095648 -8.51224973595
-28.5394728064 -8.55402930691
-28.5061398044 -9.17276871406
-28.1008852109 -9.31598781918
-28.3559341135 -9.42802736717
-28.5239048215 -9.83042985881
-28.6053093093 -10.0726553773
-28.1987586053 -10.4011055024
-28.4268871394 -10.5691242777
-28.0717003853 -10.812810245
-28.0189609458 -10.8275417019
-27.9367301652 -10.838957012
-27.9476753888 -11.0078191633
-27.809035519 -11.1176394139
-27.7950885564 -11.2135149416
-27.4484020054 -11.7754001784
-27.3424625425 -12.4699963446
-27.2389081976 -12.5783651376
-26.9671168246 -12.4542047532
-27.1416283549 -12.666724979
-26.9325671093 -12.8217806539
-26.5807157079 -13.002113365
-27.0286906764 -13.2388009218
-27.1557487635 -13.4672472507
-27.2663372578 -13.609123398
-27.0845030436 -13.6116264799
-26.6411362642 -13.4100921599
-26.9644631148 -13.6775698453
-26.7767409273 -14.0176710015
-26.1304581417 -13.9105449777
-26.5858712598 -14.2673257571
-26.5347656317 -14.2635224029
-26.3408620127 -14.4261480546
-26.215185632 -14.7047874806
-26.1548325199 -14.7181710969
-26.3881980301 -14.9449912509
-25.6801422165 -15.3530220838
-25.637602595 -15.5021179034
-25.645901975 -15.5684418577
-25.44641649 -15.9934641759
-24.7782594987 -16.2789195157
-25.2084122498 -16.7710672412
-25.0098384535 -16.6500577856
-24.973088771 -16.8281694934
-24.7803799506 -16.9794616742
-24.5542618083 -17.1712644325
-24.3109916515 -17.4561689561
-24.179831958 -17.7901508063
-23.8081972559 -18.3028767224
-23.9202310603 -18.4861859851
-23.7037639187 -18.5010556261
-23.5292741691 -18.5680399022
-23.7713738863 -18.945142452
-22.8895208709 -18.9942674952
-22.6651398044 -19.2426810492
-22.7786082848 -19.6314864169
-22.6114292359 -19.6513763534
-22.0282948891 -19.8389777976
-22.2338749437 -20.0477417318
-22.1285860241 -20.0453987885
-22.2262533761 -20.4845888937
-21.83151459 -20.3947392142
-22.0279848525 -20.6741241839
-21.7153747944 -20.8319066317
-21.6048308037 -20.7546866489
-21.6228622027 -20.8015843156
-21.6058942064 -20.9364894467
-21.1008961844 -20.6704813616
-21.4360787408 -21.0813573581
-21.2475889676 -21.0712191627
-21.2647140725 -21.6683240786
-20.8678267775 -21.3601894236
-20.9576807854 -21.7839069322
-20.419407388 -21.2866554504
-20.6869378892 -21.9511422369
-20.2549954763 -22.2047616653
-20.1410007738 -22.1670550733
-19.9941940517 -22.3334304814
-19.6198730112 -22.6260153719
-19.6668063163 -22.7662013762
-19.3628829693 -22.8794340238
-18.9720693106 -22.7757672498
-18.87091874 -23.2735918297
-18.8276303878 -23.9277402627
-18.4879958312 -23.6380255602
-18.00662616 -24.0677014273
-17.7104172679 -24.1058528531
-17.4542918621 -24.4425358951
-17.0169047596 -24.7499811249
-16.6413173127 -24.8984912017
-15.7296213786 -25.7481646146
-15.4278385581 -25.5135051465
-15.452942385 -25.6835532428
-15.4685138637 -25.8223919699
-14.6353729722 -26.1267039532
-14.4601982668 -26.0053076416
-14.4288262176 -26.4295404985
-14.2283632083 -26.1879043553
-14.1237926398 -26.3658640464
-13.9653869087 -26.3639456561
-13.8276428641 -26.5982714154
-13.7731273742 -26.5547680379
-13.6495629789 -26.6083325577
-13.6863370119 -26.8491056763
-13.3017077406 -27.2825979262
-12.9407248139 -26.986155402
-12.9770343793 -27.1639350527
-12.1505811669 -27.3514801824
-11.8842873265 -27.5672162773
-11.7418819947 -27.8516085045
-11.6047541615 -27.6755000117
-11.2597209341 -27.6307567933
-10.9502429969 -27.7732671948
-10.8416085494 -27.8401469466
-10.8774605565 -27.9557008187
-10.7752803489 -28.1818898971
-10.5391730019 -27.7973761981
-10.4997879255 -27.8809975116
-10.205157624 -28.0141830934
-9.90955023687 -27.9451313437
-9.9291725701 -28.5900844195
-9.83664102613 -28.3337961194
-9.87532480334 -28.7303294507
-9.64840772785 -28.1051129383
-9.7010711843 -28.6615840796
-9.27025106736 -28.3841919946
-9.11543422124 -28.4960885165
-8.8745686771 -28.4501947153
-8.58310926875 -28.5476436614
-8.10698267211 -28.6087745123
-8.02656716372 -28.951201824
-7.50616744781 -28.7742267112
-7.2438853165 -29.0624644836
-7.22000560239 -29.1163374063
-7.21389500511 -29.2570815679
-6.91833124531 -29.2120145931
-6.38386176647 -29.3786716677
-6.21951431905 -29.4533727293
-6.18826209726 -29.3512932208
-5.57481698862 -29.5514275702
-5.04757396622 -29.3735212194
-4.48384207468 -29.5061615465
-4.07524635357 -30.1049251574
-3.9744826879 -29.7331915929
-3.86891753945 -29.6061760689
-3.77737111868 -30.0394105965
-3.45576844801 -29.7687174244
-3.42170614052 -29.6740754328
-3.39000384097 -29.5161643585
-3.18810276261 -29.9869005979
-3.12957024746 -29.6178557827
-2.80076954666 -29.760694233
-1.87715369819 -30.0702858058
-1.16493159985 -30.0141281084
-1.04097659589 -29.9646382262
-0.878058688339 -29.9443315369
-0.82854853143 -30.2178285381
-0.585624175581 -30.4404221227
-0.540543198686 -29.8853597709
-0.506906781543 -30.1095141222
-0.350204340431 -30.3837418928
-0.203448075078 -30.2151264784
-0.026585503659 -29.8626218408
0.00409058257381 -29.9138635949
0.0270942800448 -29.8803940075
0.0323012271956 -29.817293822
0.117191611323 -29.8749891146
0.153344418239 -30.0519838677
0.176948377917 -29.8820702986
0.289664522712 -30.1738496361
0.519810472586 -30.0201510708
0.728637889749 -29.911701506
0.816347609653 -30.1661741332
0.918173493166 -30.0497701999
0.923500616795 -30.0387810058
0.964448204614 -30.1926078422
1.03349368828 -30.0969138203
1.55857949658 -29.9376773098
1.6582279336 -30.1419325624
1.73602261232 -30.0116954905
3.10982017903 -30.4249429124
3.17920130863 -30.0520419557
3.2766514006 -30.0525423721
3.31561352061 -30.0759919869
3.79005478292 -29.7757252649
3.83793893657 -30.0182264205
3.82089932711 -29.7603937219
3.90348722551 -29.5772943423
4.15127647985 -29.5974963353
4.48509065424 -29.769624078
4.43668892082 -29.3543836001
4.68028316779 -29.6748533436
5.19720976326 -29.398469848
5.74684458317 -29.5907588162
5.99490606539 -29.2425937247
6.20615854217 -29.7336754552
6.47743611188 -29.4496217421
6.54292289741 -29.017723077
7.01430134451 -29.5301272979
7.00223749635 -29.1246237002
7.04766189426 -29.0107207316
7.27902182014 -28.8924241999
7.82217081974 -29.079885055
8.06088817448 -29.209020656
8.26140001636 -28.719706287
8.48777634974 -28.5661690191
8.59110479969 -28.5055867141
8.93446384148 -28.9520601815
9.12028663714 -28.9306200376
8.99898501223 -28.5454282216
9.23449547079 -28.656380084
9.23026170123 -28.5441308129
9.38006249915 -28.4831004444
9.46432373482 -28.6711008058
9.68544961607 -28.4866866348
9.77273296453 -28.43328881
9.78097639073 -28.2988511731
9.88921370083 -28.4959166347
9.95887617114 -28.2389783043
10.1219646047 -28.2514601762
10.5500121158 -28.1306398985
10.4949300159 -27.847805786
10.5639678178 -28.0145858912
10.6170496045 -27.9916225031
10.7485499434 -28.0300467505
10.8732240521 -27.721483135
10.9544138861 -27.6734261015
11.4917737561 -28.0628955446
11.5884176099 -27.922023477
12.2198051583 -27.5930507522
12.3798949794 -27.7266879429
12.6531203438 -27.293602379
13.2290578334 -26.9053789387
13.4964047229 -26.9006034928
13.3225238786 -26.4594063121
13.7540562074 -26.4139578928
14.0444700374 -26.6810705807
14.1466997656 -26.4624699167
14.1401084038 -26.1685114688
14.3466903448 -26.4970237091
14.6152496795 -26.4276599186
15.278192101 -25.9732409103
15.2444761804 -25.83103601
15.2299243959 -25.6523832866
15.7630023595 -25.5503299184
16.4433747676 -25.1941621963
16.4941005567 -24.9729198271
16.7483398022 -25.0348575168
16.7930186111 -24.9353496833
16.8545478509 -24.8983137975
16.5931475852 -24.5039226343
17.1174943282 -24.9000251872
17.3436089998 -24.9000174412
17.2713879421 -24.4310463605
17.7114138518 -23.8468086087
18.332940352 -23.9078811088
18.3149733162 -23.6428109411
18.3213701406 -23.5108624307
18.6606085509 -23.8002856473
18.4678204075 -23.2898176614
18.8447017862 -23.5267283363
18.6591256052 -23.1716744284
19.0607746844 -23.5439931475
19.0889744081 -23.2770350066
19.0157646902 -23.136866758
19.1458250583 -23.13505381
19.2314603715 -23.1764866547
19.4049096276 -23.0962283471
19.5139711355 -23.0036048742
19.5323295232 -22.9142057062
19.5698743809 -22.6119559636
19.8531516306 -22.668016344
19.8903193111 -22.1067430434
21.0746191868 -21.6321490265
21.3315225232 -21.3418064479
21.5964143849 -21.2226670498
21.4409864686 -20.814240568
21.6514647852 -20.8194620495
21.7516472802 -20.9092022517
21.7637784978 -20.74020929
21.806633203 -20.4782329008
22.3014563552 -20.1577973831
22.301018411 -20.0868401542
22.7705285695 -19.8366109257
23.1399929854 -18.8948398408
23.5117466156 -18.7423647075
23.7053390737 -18.4817614219
23.9268637622 -18.3470997662
23.8046965138 -18.233538589
23.8876274471 -18.190922982
24.403108022 -17.4251864875
24.4480147536 -17.3983738142
24.6408170197 -17.1152110519
24.5881745536 -17.0735177391
25.154422404 -17.3638237729
24.6338790241 -16.8247898601
24.5852772142 -16.7791031065
24.7220785184 -16.7121702733
24.7372781863 -16.7202453431
24.8997605044 -16.7373585404
25.3463666829 -16.5775387889
25.4642483499 -16.4908061345
25.2268476943 -16.3234892314
24.8375321347 -15.9175402484
25.3248378929 -16.2256219363
25.0719568285 -15.9918053583
25.3227847089 -15.8983704753
25.6041947575 -15.1881997572
25.9218888243 -15.2699180391
25.7721420389 -15.1093716238
26.0802206675 -15.1364253645
26.0387390071 -15.0904212129
26.0017058523 -14.8671706557
26.1752675622 -14.6908935091
26.3334341285 -14.7510321862
26.2426646979 -14.3827155242
26.7212103053 -14.0355933527
26.5934056614 -13.8765629091
26.7617207322 -13.6764752728
26.9735196953 -13.4924303645
27.1806956773 -13.313868406
27.0633442641 -13.1846878402
27.1100214056 -12.8742898169
27.4234487757 -12.5149296439
27.0197153392 -12.3079302758
27.6483301678 -12.4637404489
27.2072700917 -11.9970344692
27.8373144921 -11.6602359622
27.7107292553 -11.1963497717
27.9950977165 -11.0621794881
28.0589556895 -10.5497270129
28.2575323252 -10.2546882287
28.0952702467 -10.0534569022
27.8916357596 -9.81406394602
28.4625019261 -9.73511513307
28.297406425 -9.59505923762
28.3400676965 -9.43788974718
28.3361682538 -9.40099647899
28.8788607337 -9.48587651343
28.4096779745 -9.26916641594
28.6041225056 -9.25906062759
28.3791670847 -8.98617952125
29.2500293644 -7.92500698387
28.9231347149 -7.53587685698
28.6979834216 -6.74452217269
29.8001192556 -6.69256884336
29.0627103606 -6.49840904536
29.6243780569 -6.1783448354
29.5491676377 -5.97202297885
29.5823071429 -5.72103777863
29.4238453062 -5.60906880331
29.599839759 -5.11090042059
29.8353887414 -4.95950920252
29.5351152614 -4.90605954618
29.6725852849 -4.74930777646
29.8205902371 -4.68042192543
29.6573782129 -4.63042781314
29.5752115234 -4.49603040824
29.9478373453 -4.54218891141
29.7483219778 -4.37518830861
29.7922352183 -3.30473530732
29.6644004543 -3.27668861952
29.6253803341 -3.21093793567
30.0335948703 -2.95644083883
30.0682252512 -2.7072295201
29.472165005 -2.35190065085
29.8005078699 -2.13517779681
30.1190607045 -2.11141665316
30.4165077173 -2.04030101094
30.3670061611 -1.95809687292
30.1282683535 -1.90402851812
30.2204286226 -1.81138759172
29.8726550382 -1.14305482573
30.1486332083 -0.615082191405
29.7483579602 -0.500445124474
